1 TU888 2
2 888_E1T 2
3 57_58 1
4 57 2
5 56_57 2
6 56 3
7 858_D1T 3
8 TU858 3
9 858_E1T 3
10 852_D1T 4
11 TU852 2
12 55 2
13 54_55 2
14 54 2
15 TU830 2
16 830_E1T 2
17 819_D2T 2
18 819_D1T 2
19 TU819 2
20 53 2
21 52-53 1
22 52 2
23 51_52 1
24 51 2
25 50_51 1
26 50 2
27 49-50 1
28 49 2
29 750_D1T 2
30 TU750 2
31 750_E1T 2
32 742_D1T 2
33 TU742 2
34 742_E1T 5
35 734_D1T 4
36 TU734 2
37 734_E1T 2
38 48 2
39 47_48 1
40 47 2
41 46_47 1
42 46 2
43 45_46 1
44 45 2
45 44_45 1
46 44_01T 1
47 44_02T 1
48 44 2
49 663_D1T 2
50 TU663 2
51 663_E1T 2
52 654_D1T 2
53 TU654 2
54 654_E1T 4
55 43 2
56 43_2T 1
57 43_1T 1
58 42_43 1
59 42 2
60 41_42 1
61 41 3
62 40_41 1
63 40 2
64 39_40 1
65 39 2
66 38_39 1
67 38 2
68 571_D1T 2
69 TU571 2
70 37_T571 2
71 562_D2T 2
72 562_D1T 2
73 TU562 2
74 562_E1T 2
75 562_E2T 2
76 36 2
77 35_36 1
78 35 2
79 542_D1T 2
80 TU542 2
81 542_E1T 2
82 534_D1T 2
83 TU534 2
84 534_E1T 2
85 525_D2T 2
86 525_D1T 2
87 TU525 2
88 525_E1T 2
89 518_D1T 2
90 TU518 2
91 33 4
92 504_D2T 2
93 504_D1T 2
94 TU504 2
95 504_E1T 2
96 497_D1T 2
97 TU497 2
98 497_E1T 2
99 489_D1T 2
100 TU489 2
101 489_E1T 2
102 482_D1T 2
103 TU482 2
104 482_E1T 2
105 30 2
106 29_30 1
107 29 2
108 466_D1T 2
109 TU466 2
110 462_D1T 2
111 TU462 2
112 462_E1T 2
113 450_D2T 2
114 450_D1T 2
115 TU450 2
116 T442_T450 2
117 TU442 2
118 27 2
119 K434_27 2
120 431_D1T 2
121 TU431 2
122 431_E1T 2
123 26 2
124 419_D1T 3
125 TU419 2
126 419_E1T 2
127 409_D2T 2
128 409_D1T 2
129 TU409 2
130 409_E1T 2
131 397_D2T 2
132 397_D1T 2
133 TU397 2
134 397_E1T 2
135 T390_K393 2
136 TU390 2
137 390_E1T 2
138 381_D2T 2
139 381_D1T 2
140 TU381 2
141 381_E1T 2
142 371_D2T 2
143 371_D1T 2
144 TU371 2
145 371_E1T 2
146 371_E2T 2
147 359_D2T 2
148 359_D1T 2
149 TU359 2
150 359_E1T 2
151 347_D2T 2
152 347_D1T 2
153 TU347 2
154 347_E1T 2
155 339_D1T 2
156 TU339 2
157 339_E1T 2
158 327_D2T 2
159 327_D1T 2
160 20_21 1
161 20 2
162 19_20 1
163 19_D1T 1
164 19_D2T 1
165 19 2
166 TU295 2
167 295_E1T 2
168 287_D1T 2
169 TU287 2
170 287_E1T 2
171 18 2
172 18_E2T 1
173 18_E1T 1
174 270_D1T 2
175 TU270 2
176 270_E1T 2
177 17 2
178 16_17 1
179 16 2
180 15_16 1
181 236_D1T 2
182 TU236 2
183 236_E1T 2
184 15 2
185 224_D1T 1
186 TU224 2
187 224_E1T 2
188 14_15 1
189 212_E1T 3
190 14 3
191 TU209 2
192 209_E1T 2
193 201_D1T 2
194 TU201 2
195 201_E1T 2
196 13 2
197 193_D1T 2
198 TU193 2
199 193_E1T 2
200 182_D2T 2
201 182_D1T 2
202 TU182 2
203 182_E1T 2
204 12_D2T 2
205 12_D1T 2
206 12_E1T 1
207 12_E2T 1
208 11_D2T 1
209 11 2
210 11_E2T 1
211 10_11 1
212 10 2
213 9_10 1
214 9_10D1T 1
215 130_D1T 2
216 TU130 2
217 130_E1T 2
218 121_D1T 2
219 TU121 2
220 121_E1T 2
221 113_D1T 2
222 TU113 2
223 113_E1T 2
224 105_D1T 2
225 TU105 2
226 105_E1T 2
227 094_D2T 2
228 094_D1T 2
229 TU094 2
230 094_E1T 2
231 085_D2T 2
232 085_D1T 2
233 TU085 2
234 085_E1T 2
235 076_D2T 2
236 076_D1T 2
237 TU076 2
238 076_E1T 2
239 6 2
240 6_E2T 1
241 5_D1T 1
242 5_D2T 1
243 5 2
244 5_2T 1
245 045_D2T 1
246 045_D1T 2
247 TU045 2
248 045_E1T 2
249 4_D1T 2
250 4_E2T 1
251 4_E1T 1
252 3_D1T 1
253 3_D2T 1
254 3 2
255 3_E2T 1
256 2_3 1
257 2 2
258 007_D1T 2
259 TU007 2
260 007_E1T 2
261 000_D1T 2
262 TU000 2
263 000_E1T 2
