Branco 1 2 0 50 2020-01-01T00:00:00 8 100
Amarelo 30 31 0 50 2020-01-01T01:00:00 8 100
Azul 30 31 0 50 2020-01-01T02:00:00 8 100
Bege 30 31 0 50 2020-01-01T03:00:00 8 100
Laranja 30 31 0 50 2020-01-01T04:00:00 8 100
Marrom 30 31 0 50 2020-01-01T05:00:00 8 100
Prata 30 31 0 50 2020-01-01T06:00:00 8 100
Preto 30 31 0 50 2020-01-01T07:00:00 8 100
Rosa 30 31 0 50 2020-01-01T08:00:00 8 100
Roxo 30 31 0 50 2020-01-01T09:00:00 8 100
Verde 30 31 0 50 2020-01-01T10:00:00 8 100
Vermelho 30 31 0 50 2020-01-01T11:00:00 8 100
Abobora 30 31 0 50 2020-01-01T12:00:00 8 100
Acafrao 30 31 0 50 2020-01-01T13:00:00 8 100
Ambar 30 31 0 50 2020-01-01T14:00:00 8 100
Ameixa 30 31 0 50 2020-01-01T15:00:00 8 100
Amendoa 30 31 0 50 2020-01-01T16:00:00 8 100
Ametista 30 31 0 50 2020-01-01T17:00:00 8 100
Anil 30 31 0 50 2020-01-01T18:00:00 8 100
Bordo 30 31 0 50 2020-01-01T19:00:00 8 100
Bronze 30 31 0 50 2020-01-01T20:00:00 8 100
Caqui 30 31 0 50 2020-01-01T21:00:00 8 100
Caramelo 30 31 0 50 2020-01-01T22:00:00 8 100
Carmesim 30 31 0 50 2020-01-01T23:00:00 8 100
Carmim 30 31 0 50 2020-01-02T00:00:00 8 100
Castanho 30 31 0 50 2020-01-02T01:00:00 8 100
Cereja 30 31 0 50 2020-01-02T02:00:00 8 100
Chocolate 30 31 0 50 2020-01-02T03:00:00 8 100
Ciano  30 31 0 50 2020-01-02T04:00:00 8 100
Cinza 30 31 0 50 2020-01-02T05:00:00 8 100
Cinzento 30 31 0 50 2020-01-02T06:00:00 8 100
Cobre 30 31 0 50 2020-01-02T07:00:00 8 100
Coral 30 31 0 50 2020-01-02T08:00:00 8 100
Creme 30 31 0 50 2020-01-02T09:00:00 8 100
Damasco 30 31 0 50 2020-01-02T10:00:00 8 100
Dourado 30 31 0 50 2020-01-02T11:00:00 8 100
Escarlate 30 31 0 50 2020-01-02T12:00:00 8 100
Esmeralda 30 31 0 50 2020-01-02T13:00:00 8 100
Ferrugem 30 31 0 50 2020-01-02T14:00:00 8 100


