101
1 2 2000
2 3 2000
3 4 2000
4 5 2000
5 6 2000
6 7 2000
7 8 2000
8 9 2000
9 10 2000
10 11 2000
11 12 2000
12 13 2000
13 14 2000
14 15 2000
15 16 2000
16 17 2000
17 18 2000
18 19 2000
19 20 2000
20 21 2000
21 22 2000
22 23 2000
23 24 2000
24 25 2000
25 26 2000
26 27 2000
27 28 2000
28 29 2000
29 30 2000
30 31 2000
31 32 2000
32 33 2000
33 34 2000
34 35 2000
35 36 2000
36 37 2000
37 38 2000
38 39 2000
39 40 2000
40 41 2000
41 42 2000
42 43 2000
43 44 2000
44 45 2000
45 46 2000
46 47 2000
47 48 2000
48 49 2000
49 50 2000
49	50	2000
50	51	2000
51	52	2000
52	53	2000
53	54	2000
54	55	2000
55	56	2000
56	57	2000
57	58	2000
58	59	2000
59	60	2000
60	61	2000
61	62	2000
62	63	2000
63	64	2000
64	65	2000
65	66	2000
66	67	2000
67	68	2000
68	69	2000
69	70	2000
70	71	2000
71	72	2000
72	73	2000
73	74	2000
74	75	2000
75	76	2000
76	77	2000
77	78	2000
78	79	2000
79	80	2000
80	81	2000
81	82	2000
82	83	2000
83	84	2000
84	85	2000
85	86	2000
86	87	2000
87	88	2000
88	89	2000
89	90	2000
90	91	2000
91	92	2000
92	93	2000
93	94	2000
94	95	2000
95	96	2000
96	97	2000
97	98	2000
98	99	2000
99	100	2000

