Branco 1 2 0 10 2020-01-01T00:00:00 8 100
Amarelo 1 2 0 10 2020-01-01T01:00:00 8 100
Azul 1 2 0 10 2020-01-01T02:00:00 8 100
Bege 1 2 0 10 2020-01-01T03:00:00 8 100
Laranja 1 2 0 10 2020-01-01T04:00:00 8 100
Marrom 1 2 0 10 2020-01-01T05:00:00 8 100
Prata 1 2 0 10 2020-01-01T06:00:00 8 100
Preto 1 2 0 10 2020-01-01T07:00:00 8 100
Rosa 1 2 0 10 2020-01-01T08:00:00 8 100
Roxo 1 2 0 10 2020-01-01T09:00:00 8 100
Verde 10 9 0 1 2020-01-01T00:00:00 8 100
Vermelho 10 9 0 1 2020-01-01T01:00:00 8 100
Abobora 10 9 0 1 2020-01-01T02:00:00 8 100
Acafrao 10 9 0 1 2020-01-01T03:00:00 8 100
Ambar 10 9 0 1 2020-01-01T04:00:00 8 100
Ameixa 10 9 0 1 2020-01-01T05:00:00 8 100
Amendoa 10 9 0 1 2020-01-01T06:00:00 8 100
Ametista 10 9 0 1 2020-01-01T07:00:00 8 100
Anil 10 9 0 1 2020-01-01T08:00:00 8 100
Bordo 10 9 0 1 2020-01-01T09:00:00 8 100
