264
0 1 0.432
1 2 0.833
2 3 3.8
3 4 5.332
4 5 4.1
5 6 12.388
6 7 3.58
7 8 1.0
8 9 0.46
9 10 0.414
10 11 5.113
11 12 0.46
12 13 4.84
13 14 13.12
14 15 4.276
15 16 0.454
16 17 3.5
17 18 3.5
18 19 3.496
19 20 0.454
20 21 4.91
21 22 8.328
22 23 4.101
23 24 13.661
24 25 4.417
25 26 13.193
26 27 3.917
27 28 9.443
28 29 2.69
29 30 3.606
30 31 0.454
31 32 3.71
32 33 3.876
33 34 0.454
34 35 3.553
35 36 3.653
36 37 0.454
37 38 3.68
38 39 1.43
39 40 7.41
40 41 4.099
41 42 13.881
42 43 4.096
43 44 13.447
44 45 4.243
45 46 6.486
46 47 2.5
47 48 2.5
48 49 3.798
49 50 3.616
50 51 0.514
51 52 3.893
52 53 3.893
53 54 0.514
54 55 3.89
55 56 3.273
56 57 2.5
57 58 2.5
58 59 6.737
59 60 4.007
60 61 11.507
61 62 4.101
62 63 12.735
63 64 4.1
64 65 5.239
65 66 4.109
66 67 12.999
67 68 1.878
68 69 3.125
69 70 0.6
70 71 2.67
71 72 2.426
72 73 3.65
73 74 0.454
74 75 3.6
75 76 1.87
76 77 1.87
77 78 5.882
78 79 0.398
79 80 3.886
80 81 0.454
81 82 3.703
82 83 3.758
83 84 0.454
84 85 3.835
85 86 0.73
86 87 3.606
87 88 0.454
88 89 3.643
89 90 3.643
90 91 0.454
91 92 5.725
92 93 3.65
93 94 3.586
94 95 0.454
95 96 3.662
96 97 3.544
97 98 0.454
98 99 3.72
99 100 3.626
100 101 0.454
101 102 3.6
102 103 2.74
103 104 0.46
104 105 1.93
105 106 2.398
106 107 4.352
107 108 3.356
108 109 3.6
109 110 0.454
110 111 3.606
111 112 0.454
112 113 3.92
113 114 3.68
114 115 3.985
115 116 0.599
116 117 7.205
117 118 0.76
118 119 3.543
119 120 3.391
120 121 3.467
121 122 0.6
122 123 3.81
123 124 3.554
124 125 3.682
125 126 0.454
126 127 2.65
127 128 3.64
128 129 3.636
129 130 0.454
130 131 3.77
131 132 3.949
132 133 3.949
133 134 0.46
134 135 3.341
135 136 3.341
136 137 0.46
137 138 3.6
138 139 2.399
139 140 2.357
140 141 0.454
141 142 3.82
142 143 3.905
143 144 1.231
144 145 0.454
145 146 0.991
146 147 3.279
147 148 3.91
148 149 3.896
149 150 0.454
150 151 3.98
151 152 3.67
152 153 3.996
153 154 0.454
154 155 3.793
155 156 3.793
156 157 0.454
157 158 3.6
158 159 3.39
159 160 3.643
160 161 11.054
161 162 4.108
162 163 12.669
163 164 2.298
164 165 2.308
165 166 4.599
166 167 0.454
167 168 3.903
168 169 3.986
169 170 0.454
170 171 3.65
171 172 4.41
172 173 3.69
173 174 2.605
174 175 2.351
175 176 0.454
176 177 3.88
177 178 3.629
178 179 10.181
179 180 4.029
180 181 8.321
181 182 3.346
182 183 0.454
183 184 3.864
184 185 2.822
185 186 4.36
186 187 0.454
187 188 3.82
188 189 4.18
189 190 3.613
190 191 3.613
191 192 0.454
192 193 3.676
193 194 3.6
194 195 0.454
195 196 3.82
196 197 3.82
197 198 3.806
198 199 0.454
199 200 3.69
200 201 3.001
201 202 3.655
202 203 0.454
203 204 3.789
204 205 3.635
205 206 4.104
206 207 4.65
207 208 2.82
208 209 3.5
209 210 4.01
210 211 3.5
211 212 6.681
212 213 4.238
213 214 6.996
214 215 3.555
215 216 3.476
216 217 0.454
217 218 3.89
218 219 3.926
219 220 0.454
220 221 3.703
221 222 3.703
222 223 0.454
223 224 3.971
224 225 3.97
225 226 0.454
226 227 3.602
227 228 3.602
228 229 3.602
229 230 0.454
230 231 0.35
231 232 3.515
232 233 4.0
233 234 0.6
234 235 3.6
235 236 1.658
236 237 3.6
237 238 0.6
238 239 3.6
239 240 1.782
240 241 3.68
241 242 3.77
242 243 3.68
243 244 4.583
244 245 2.497
245 246 3.061
246 247 3.785
247 248 0.454
248 249 3.832
249 250 3.732
250 251 2.722
251 252 2.533
252 253 2.535
253 254 3.889
254 255 3.907
255 256 2.663
256 257 6.664
257 258 1.425
258 259 3.87
259 260 0.46
260 261 2.69
261 262 3.65
262 263 0.46
