Branco    1 2 0 10 2020-01-01T00:00:00 8 100
Amarelo   1 2 0 10 2020-01-01T01:00:00 8 100
Azul      1 2 0 10 2020-01-01T02:00:00 8 100
Rosa      1 2 0 10 2020-01-01T03:00:00 8 100
Verde     10 9 0 1 2020-01-01T00:00:00 8 100
Vermelho  10 9 0 1 2020-01-01T01:00:00 8 100
Laranja   10 9 0 1 2020-01-01T02:00:00 8 100
Preto     10 9 0 1 2020-01-01T03:00:00 8 100
Branco    1 2 0 10 2020-01-01T00:00:00 8 100
Amarelo   1 2 0 10 2020-01-01T01:00:00 8 100
Azul      1 2 0 10 2020-01-01T02:00:00 8 100
Rosa      1 2 0 10 2020-01-01T03:00:00 8 100
Verde     10 9 0 1 2020-01-01T00:00:00 8 100
Vermelho  10 9 0 1 2020-01-01T01:00:00 8 100
Laranja   10 9 0 1 2020-01-01T02:00:00 8 100
Preto     10 9 0 1 2020-01-01T03:00:00 8 100
Branco    1 2 0 10 2020-01-01T00:00:00 8 100
Amarelo   1 2 0 10 2020-01-01T01:00:00 8 100
Azul      1 2 0 10 2020-01-01T02:00:00 8 100
Rosa      1 2 0 10 2020-01-01T03:00:00 8 100


