Branco 20 140 10 5,20 6,30
Amarelo 20 140 10 5,20 6,30
Azul 20 140 10 5,20 6,30
Bege 20 140 10 5,20 6,30
Laranja 20 140 10 5,20 6,30
Marrom 20 140 10 5,20 6,30
Prata 20 140 10 5,20 6,30
Preto 20 140 10 5,20 6,30
Rosa 20 140 10 5,20 6,30
Roxo 20 140 10 5,20 6,30
Verde 20 140 10 5,20 6,30
Vermelho 20 140 10 5,20 6,30
Abobora 20 140 10 5,20 6,30
Acafrao 20 140 10 5,20 6,30
Ambar 20 140 10 5,20 6,30
Ameixa 20 140 10 5,20 6,30
Amendoa 20 140 10 5,20 6,30
Ametista 20 140 10 5,20 6,30
Anil 20 140 10 5,20 6,30
Bordo 20 140 10 5,20 6,30
Bronze 20 140 10 5,20 6,30
Caqui 20 140 10 5,20 6,30
Caramelo 20 140 10 5,20 6,30
Carmesim 20 140 10 5,20 6,30
Carmin 20 140 10 5,20 6,30
Castanho 20 140 10 5,20 6,30
Cereja 20 140 10 5,20 6,30
Chocolate 20 140 10 5,20 6,30
Ciano 20 140 10 5,20 6,30
Cinza 20 140 10 5,20 6,30
Cinzento 20 140 10 5,20 6,30
Cobre 20 140 10 5,20 6,30
Coral 20 140 10 5,20 6,30
Creme 20 140 10 5,20 6,30
Damasco 20 140 10 5,20 6,30
Dourado 20 140 10 5,20 6,30
Escarlate 20 140 10 5,20 6,30
Esmeralda 20 140 10 5,20 6,30
Ferrugem 20 140 10 5,20 6,30
Fucsia 20 140 10 5,20 6,30
Gelo 20 140 10 5,20 6,30
Grena 20 140 10 5,20 6,30
Gris 20 140 10 5,20 6,30
Indigo 20 140 10 5,20 6,30
Jade 20 140 10 5,20 6,30
Jambo 20 140 10 5,20 6,30
Lavanda 20 140 10 5,20 6,30
Lilas 20 140 10 5,20 6,30
Limao 20 140 10 5,20 6,30
Loiro 20 140 10 5,20 6,30
Magenta 20 140 10 5,20 6,30
Malva 20 140 10 5,20 6,30
Marfim 20 140 10 5,20 6,30
Mostarda 20 140 10 5,20 6,30
Ocre 20 140 10 5,20 6,30
Oliva 20 140 10 5,20 6,30
Ouro 20 140 10 5,20 6,30
Pessego 20 140 10 5,20 6,30
Purpura 20 140 10 5,20 6,30
Rubro 20 140 10 5,20 6,30
Salmão 20 140 10 5,20 6,30
Sepia 20 140 10 5,20 6,30
Terracota 20 140 10 5,20 6,30
Tijolo 20 140 10 5,20 6,30
Turquesa 20 140 10 5,20 6,30
Uva 20 140 10 5,20 6,30
Vinho 20 140 10 5,20 6,30
Violeta 20 140 10 5,20 6,30
Amaranth 20 140 10 5,20 6,30
